2024-06-25 12:52:06.282: STAK.__init__ <- omrolocs647.<module>
2024-06-25 12:52:06.284: INFO: None compromising logline 64
2024-06-25 12:52:06.284: INFO: None compromising logline 66
2024-06-25 12:52:06.285: INFO: None compromising logline 64
2024-06-25 12:52:06.285: INFO: None compromising logline 66
2024-06-25 12:52:06.285: INFO: None compromising logline 66
2024-06-25 12:52:06.285: INFO: None compromising logline 64
2024-06-25 12:52:06.285: INFO: None compromising logline 63
2024-06-25 12:52:06.285: INFO: None compromising logline 65
2024-06-25 12:52:06.286: INFO: None compromising logline 63
2024-06-25 12:52:06.286: INFO: None compromising logline 64
2024-06-25 12:52:06.286: INFO: None compromising logline 67
2024-06-25 12:52:06.286: INFO: None compromising logline 63
2024-06-25 12:52:06.286: INFO: None compromising logline 64
2024-06-25 12:52:06.287: INFO: None compromising logline 65
2024-06-25 12:52:06.287: INFO: None compromising logline 67
2024-06-25 12:52:06.287: INFO: None compromising logline 65
2024-06-25 12:52:06.287: INFO: None compromising logline 64
2024-06-25 12:52:06.287: INFO: None compromising logline 68
2024-06-25 12:52:06.288: INFO: None compromising logline 64
2024-06-25 12:52:06.288: INFO: None compromising logline 66
2024-06-25 12:52:06.288: INFO: None compromising logline 65
2024-06-25 12:52:06.288: INFO: None compromising logline 66
2024-06-25 12:52:06.288: INFO: None compromising logline 63
2024-06-25 12:52:06.288: INFO: None compromising logline 65
2024-06-25 12:52:06.289: INFO: None compromising logline 67
2024-06-25 12:52:06.289: INFO: None compromising logline 67
2024-06-25 12:52:06.289: omrolocs660.test <- omrolocs652.wrapper <- omrolocs662.__privProp <- Dawg(SomeCls(Daddy.__testCaller)) <- Dawg(SomeCls(Daddy.testCaller)) <- Dawg(SomeCls.testCallerOfCaller) <- Dawg(SomeCls.propCallerOfCallerOfCaller) <- omrolocs684.__classMeth <- omrolocs682.classMeth <- omrolocs675.__statMeth <- omrolocs673.statMeth <- OutcastSon(Outcast.__init__) <- omrolocs690.func <- omrolocs694.oldStyleStaticMeth <- omrolocs696.oldStyleClassMeth <- omrolocs697.oldStyleInstanceMeth <- omrolocs733.genLogs <- omrolocs737.<module>
2024-06-25 12:52:06.290: omrolocs660.test <- omrolocs652.wrapper <- omrolocs662.__privProp <- Dawg(SomeCls(Daddy.__testCaller)) <- Dawg(SomeCls(Daddy.testCaller)) <- Dawg(SomeCls.testCallerOfCaller) <- Dawg(SomeCls.propCallerOfCallerOfCaller) <- omrolocs684.__classMeth <- omrolocs682.classMeth <- omrolocs675.__statMeth <- omrolocs673.statMeth <- OutcastSon(Outcast.__init__) <- omrolocs690.func <- omrolocs694.oldStyleStaticMeth <- omrolocs696.oldStyleClassMeth <- omrolocs697.oldStyleInstanceMeth <- omrolocs733.genLogs <- omrolocs737.<module>
2024-06-25 12:52:06.291: omrolocs660.test <- omrolocs652.wrapper <- omrolocs662.__privProp <- Dawg(SomeCls(Daddy.__testCaller)) <- Dawg(SomeCls(Daddy.testCaller)) <- Dawg(SomeCls.testCallerOfCaller) <- Dawg(SomeCls.propCallerOfCallerOfCaller) <- omrolocs684.__classMeth <- omrolocs682.classMeth <- omrolocs675.__statMeth <- omrolocs673.statMeth <- OutcastSon(Outcast.__init__) <- omrolocs690.func <- omrolocs694.oldStyleStaticMeth <- omrolocs696.oldStyleClassMeth <- omrolocs697.oldStyleInstanceMeth <- omrolocs733.genLogs <- omrolocs737.<module>
2024-06-25 12:52:06.291: omrolocs660.test <- omrolocs652.wrapper <- omrolocs662.__privProp <- Dawg(SomeCls(Daddy.__testCaller)) <- Dawg(SomeCls(Daddy.testCaller)) <- Dawg(SomeCls.testCallerOfCaller) <- Dawg(SomeCls.propCallerOfCallerOfCaller) <- omrolocs684.__classMeth <- omrolocs682.classMeth <- omrolocs675.__statMeth <- omrolocs673.statMeth <- OutcastSon(Outcast.__init__) <- omrolocs690.func <- omrolocs694.oldStyleStaticMeth <- omrolocs696.oldStyleClassMeth <- omrolocs697.oldStyleInstanceMeth <- omrolocs733.genLogs <- omrolocs737.<module>
2024-06-25 12:52:06.292: omrolocs660.test <- omrolocs652.wrapper <- omrolocs662.__privProp <- Dawg(SomeCls(Daddy.__testCaller)) <- Dawg(SomeCls(Daddy.testCaller)) <- Dawg(SomeCls.testCallerOfCaller) <- Dawg(SomeCls.propCallerOfCallerOfCaller) <- omrolocs684.__classMeth <- omrolocs682.classMeth <- omrolocs675.__statMeth <- omrolocs673.statMeth <- OutcastSon(Outcast.__init__) <- omrolocs690.func <- omrolocs694.oldStyleStaticMeth <- omrolocs696.oldStyleClassMeth <- omrolocs697.oldStyleInstanceMeth <- omrolocs733.genLogs <- omrolocs737.<module>
2024-06-25 12:52:06.293: omrolocs660.test <- omrolocs652.wrapper <- omrolocs662.__privProp <- Dawg(SomeCls(Daddy.__testCaller)) <- Dawg(SomeCls(Daddy.testCaller)) <- Dawg(SomeCls.testCallerOfCaller) <- Dawg(SomeCls.propCallerOfCallerOfCaller) <- omrolocs684.__classMeth <- omrolocs682.classMeth <- omrolocs675.__statMeth <- omrolocs673.statMeth <- OutcastSon(Outcast.__init__) <- omrolocs690.func <- omrolocs694.oldStyleStaticMeth <- omrolocs696.oldStyleClassMeth <- omrolocs697.oldStyleInstanceMeth <- omrolocs733.genLogs <- omrolocs737.<module>
2024-06-25 12:52:06.294: omrolocs660.test <- omrolocs652.wrapper <- omrolocs662.__privProp <- Dawg(SomeCls(Daddy.__testCaller)) <- Dawg(SomeCls(Daddy.testCaller)) <- Dawg(SomeCls.testCallerOfCaller) <- Dawg(SomeCls.propCallerOfCallerOfCaller) <- omrolocs684.__classMeth <- omrolocs682.classMeth <- omrolocs675.__statMeth <- omrolocs673.statMeth <- OutcastSon(Outcast.__init__) <- omrolocs690.func <- omrolocs694.oldStyleStaticMeth <- omrolocs696.oldStyleClassMeth <- omrolocs697.oldStyleInstanceMeth <- omrolocs733.genLogs <- omrolocs737.<module>
2024-06-25 12:52:06.294: omrolocs660.test <- omrolocs652.wrapper <- omrolocs662.__privProp <- Dawg(SomeCls(Daddy.__testCaller)) <- Dawg(SomeCls(Daddy.testCaller)) <- Dawg(SomeCls.testCallerOfCaller) <- Dawg(SomeCls.propCallerOfCallerOfCaller) <- omrolocs684.__classMeth <- omrolocs682.classMeth <- omrolocs675.__statMeth <- omrolocs673.statMeth <- OutcastSon(Outcast.__init__) <- omrolocs690.func <- omrolocs694.oldStyleStaticMeth <- omrolocs696.oldStyleClassMeth <- omrolocs697.oldStyleInstanceMeth <- omrolocs733.genLogs <- omrolocs737.<module>
2024-06-25 12:52:06.295: omrolocs660.test <- omrolocs652.wrapper <- omrolocs662.__privProp <- Dawg(SomeCls(Daddy.__testCaller)) <- Dawg(SomeCls(Daddy.testCaller)) <- Dawg(SomeCls.testCallerOfCaller) <- Dawg(SomeCls.propCallerOfCallerOfCaller) <- omrolocs684.__classMeth <- omrolocs682.classMeth <- omrolocs675.__statMeth <- omrolocs673.statMeth <- OutcastSon(Outcast.__init__) <- omrolocs690.func <- omrolocs694.oldStyleStaticMeth <- omrolocs696.oldStyleClassMeth <- omrolocs697.oldStyleInstanceMeth <- omrolocs733.genLogs <- omrolocs737.<module>
2024-06-25 12:52:06.315: INFO: None compromising logline 65
2024-06-25 12:52:06.315: INFO: None compromising logline 66
2024-06-25 12:52:06.315: INFO: None compromising logline 63
2024-06-25 12:52:06.315: INFO: None compromising logline 65
2024-06-25 12:52:06.316: INFO: None compromising logline 63
2024-06-25 12:52:06.316: INFO: None compromising logline 68
2024-06-25 12:52:06.316: INFO: None compromising logline 67
2024-06-25 12:52:06.316: INFO: None compromising logline 68
2024-06-25 12:52:06.316: INFO: None compromising logline 65
2024-06-25 12:52:06.316: INFO: None compromising logline 63
2024-06-25 12:52:06.317: INFO: None compromising logline 65
2024-06-25 12:52:06.317: INFO: None compromising logline 68
2024-06-25 12:52:06.317: INFO: None compromising logline 63
2024-06-25 12:52:06.317: INFO: None compromising logline 64
2024-06-25 12:52:06.318: INFO: None compromising logline 63
2024-06-25 12:52:06.318: INFO: None compromising logline 68
2024-06-25 12:52:06.318: INFO: None compromising logline 67
2024-06-25 12:52:06.318: INFO: None compromising logline 68
2024-06-25 12:52:06.318: INFO: None compromising logline 68
2024-06-25 12:52:06.318: INFO: None compromising logline 65
2024-06-25 12:52:06.319: INFO: None compromising logline 63
2024-06-25 12:52:06.319: INFO: None compromising logline 63
2024-06-25 12:52:06.319: INFO: None compromising logline 66
2024-06-25 12:52:06.319: INFO: None compromising logline 67
2024-06-25 12:52:06.319: INFO: None compromising logline 64
2024-06-25 12:52:06.320: INFO: None compromising logline 65
2024-06-25 12:52:06.320: INFO: None compromising logline 63
2024-06-25 12:52:06.320: INFO: None compromising logline 63
2024-06-25 12:52:06.320: INFO: None compromising logline 66
2024-06-25 12:52:06.320: INFO: None compromising logline 66
2024-06-25 12:52:06.321: INFO: None compromising logline 65
2024-06-25 12:52:06.321: omrolocs660.test <- omrolocs652.wrapper <- omrolocs662.__privProp <- Dawg(SomeCls(Daddy.__testCaller)) <- Dawg(SomeCls(Daddy.testCaller)) <- Dawg(SomeCls.testCallerOfCaller) <- Dawg(SomeCls.propCallerOfCallerOfCaller) <- omrolocs684.__classMeth <- omrolocs682.classMeth <- omrolocs675.__statMeth <- omrolocs673.statMeth <- OutcastSon(Outcast.__init__) <- omrolocs690.func <- omrolocs694.oldStyleStaticMeth <- omrolocs696.oldStyleClassMeth <- omrolocs697.oldStyleInstanceMeth <- omrolocs733.genLogs <- omrolocs737.<module>
2024-06-25 12:52:06.322: omrolocs660.test <- omrolocs652.wrapper <- omrolocs662.__privProp <- Dawg(SomeCls(Daddy.__testCaller)) <- Dawg(SomeCls(Daddy.testCaller)) <- Dawg(SomeCls.testCallerOfCaller) <- Dawg(SomeCls.propCallerOfCallerOfCaller) <- omrolocs684.__classMeth <- omrolocs682.classMeth <- omrolocs675.__statMeth <- omrolocs673.statMeth <- OutcastSon(Outcast.__init__) <- omrolocs690.func <- omrolocs694.oldStyleStaticMeth <- omrolocs696.oldStyleClassMeth <- omrolocs697.oldStyleInstanceMeth <- omrolocs733.genLogs <- omrolocs737.<module>
2024-06-25 12:52:06.322: omrolocs660.test <- omrolocs652.wrapper <- omrolocs662.__privProp <- Dawg(SomeCls(Daddy.__testCaller)) <- Dawg(SomeCls(Daddy.testCaller)) <- Dawg(SomeCls.testCallerOfCaller) <- Dawg(SomeCls.propCallerOfCallerOfCaller) <- omrolocs684.__classMeth <- omrolocs682.classMeth <- omrolocs675.__statMeth <- omrolocs673.statMeth <- OutcastSon(Outcast.__init__) <- omrolocs690.func <- omrolocs694.oldStyleStaticMeth <- omrolocs696.oldStyleClassMeth <- omrolocs697.oldStyleInstanceMeth <- omrolocs733.genLogs <- omrolocs737.<module>
2024-06-25 12:52:06.323: omrolocs660.test <- omrolocs652.wrapper <- omrolocs662.__privProp <- Dawg(SomeCls(Daddy.__testCaller)) <- Dawg(SomeCls(Daddy.testCaller)) <- Dawg(SomeCls.testCallerOfCaller) <- Dawg(SomeCls.propCallerOfCallerOfCaller) <- omrolocs684.__classMeth <- omrolocs682.classMeth <- omrolocs675.__statMeth <- omrolocs673.statMeth <- OutcastSon(Outcast.__init__) <- omrolocs690.func <- omrolocs694.oldStyleStaticMeth <- omrolocs696.oldStyleClassMeth <- omrolocs697.oldStyleInstanceMeth <- omrolocs733.genLogs <- omrolocs737.<module>
2024-06-25 12:52:06.324: omrolocs660.test <- omrolocs652.wrapper <- omrolocs662.__privProp <- Dawg(SomeCls(Daddy.__testCaller)) <- Dawg(SomeCls(Daddy.testCaller)) <- Dawg(SomeCls.testCallerOfCaller) <- Dawg(SomeCls.propCallerOfCallerOfCaller) <- omrolocs684.__classMeth <- omrolocs682.classMeth <- omrolocs675.__statMeth <- omrolocs673.statMeth <- OutcastSon(Outcast.__init__) <- omrolocs690.func <- omrolocs694.oldStyleStaticMeth <- omrolocs696.oldStyleClassMeth <- omrolocs697.oldStyleInstanceMeth <- omrolocs733.genLogs <- omrolocs737.<module>
2024-06-25 12:52:06.325: omrolocs660.test <- omrolocs652.wrapper <- omrolocs662.__privProp <- Dawg(SomeCls(Daddy.__testCaller)) <- Dawg(SomeCls(Daddy.testCaller)) <- Dawg(SomeCls.testCallerOfCaller) <- Dawg(SomeCls.propCallerOfCallerOfCaller) <- omrolocs684.__classMeth <- omrolocs682.classMeth <- omrolocs675.__statMeth <- omrolocs673.statMeth <- OutcastSon(Outcast.__init__) <- omrolocs690.func <- omrolocs694.oldStyleStaticMeth <- omrolocs696.oldStyleClassMeth <- omrolocs697.oldStyleInstanceMeth <- omrolocs733.genLogs <- omrolocs737.<module>
2024-06-25 12:52:06.325: omrolocs660.test <- omrolocs652.wrapper <- omrolocs662.__privProp <- Dawg(SomeCls(Daddy.__testCaller)) <- Dawg(SomeCls(Daddy.testCaller)) <- Dawg(SomeCls.testCallerOfCaller) <- Dawg(SomeCls.propCallerOfCallerOfCaller) <- omrolocs684.__classMeth <- omrolocs682.classMeth <- omrolocs675.__statMeth <- omrolocs673.statMeth <- OutcastSon(Outcast.__init__) <- omrolocs690.func <- omrolocs694.oldStyleStaticMeth <- omrolocs696.oldStyleClassMeth <- omrolocs697.oldStyleInstanceMeth <- omrolocs733.genLogs <- omrolocs737.<module>
2024-06-25 12:52:06.326: omrolocs660.test <- omrolocs652.wrapper <- omrolocs662.__privProp <- Dawg(SomeCls(Daddy.__testCaller)) <- Dawg(SomeCls(Daddy.testCaller)) <- Dawg(SomeCls.testCallerOfCaller) <- Dawg(SomeCls.propCallerOfCallerOfCaller) <- omrolocs684.__classMeth <- omrolocs682.classMeth <- omrolocs675.__statMeth <- omrolocs673.statMeth <- OutcastSon(Outcast.__init__) <- omrolocs690.func <- omrolocs694.oldStyleStaticMeth <- omrolocs696.oldStyleClassMeth <- omrolocs697.oldStyleInstanceMeth <- omrolocs733.genLogs <- omrolocs737.<module>
2024-06-25 12:52:06.456: INFO: None compromising logline 68
2024-06-25 12:52:06.456: INFO: None compromising logline 68
2024-06-25 12:52:06.457: INFO: None compromising logline 65
2024-06-25 12:52:06.457: INFO: None compromising logline 67
2024-06-25 12:52:06.458: INFO: None compromising logline 68
2024-06-25 12:52:06.458: INFO: None compromising logline 63
2024-06-25 12:52:06.458: INFO: None compromising logline 64
2024-06-25 12:52:06.458: INFO: None compromising logline 66
2024-06-25 12:52:06.459: INFO: None compromising logline 63
2024-06-25 12:52:06.459: INFO: None compromising logline 63
2024-06-25 12:52:06.459: INFO: None compromising logline 67
2024-06-25 12:52:06.459: INFO: None compromising logline 66
2024-06-25 12:52:06.460: INFO: None compromising logline 65
2024-06-25 12:52:06.460: INFO: None compromising logline 68
2024-06-25 12:52:06.460: INFO: None compromising logline 65
2024-06-25 12:52:06.460: INFO: None compromising logline 67
2024-06-25 12:52:06.460: INFO: None compromising logline 64
2024-06-25 12:52:06.461: INFO: None compromising logline 66
2024-06-25 12:52:06.461: INFO: None compromising logline 66
2024-06-25 12:52:06.461: INFO: None compromising logline 67
2024-06-25 12:52:06.461: INFO: None compromising logline 63
2024-06-25 12:52:06.461: INFO: None compromising logline 66
2024-06-25 12:52:06.462: INFO: None compromising logline 66
2024-06-25 12:52:06.462: INFO: None compromising logline 64
2024-06-25 12:52:06.462: INFO: None compromising logline 63
2024-06-25 12:52:06.462: INFO: None compromising logline 65
2024-06-25 12:52:06.462: INFO: None compromising logline 67
2024-06-25 12:52:06.462: INFO: None compromising logline 63
2024-06-25 12:52:06.463: INFO: None compromising logline 66
2024-06-25 12:52:06.463: INFO: None compromising logline 65
2024-06-25 12:52:06.463: omrolocs660.test <- omrolocs652.wrapper <- omrolocs662.__privProp <- Dawg(SomeCls(Daddy.__testCaller)) <- Dawg(SomeCls(Daddy.testCaller)) <- Dawg(SomeCls.testCallerOfCaller) <- Dawg(SomeCls.propCallerOfCallerOfCaller) <- omrolocs684.__classMeth <- omrolocs682.classMeth <- omrolocs675.__statMeth <- omrolocs673.statMeth <- OutcastSon(Outcast.__init__) <- omrolocs690.func <- omrolocs694.oldStyleStaticMeth <- omrolocs696.oldStyleClassMeth <- omrolocs697.oldStyleInstanceMeth <- omrolocs733.genLogs <- omrolocs737.<module>
2024-06-25 12:52:06.464: omrolocs660.test <- omrolocs652.wrapper <- omrolocs662.__privProp <- Dawg(SomeCls(Daddy.__testCaller)) <- Dawg(SomeCls(Daddy.testCaller)) <- Dawg(SomeCls.testCallerOfCaller) <- Dawg(SomeCls.propCallerOfCallerOfCaller) <- omrolocs684.__classMeth <- omrolocs682.classMeth <- omrolocs675.__statMeth <- omrolocs673.statMeth <- OutcastSon(Outcast.__init__) <- omrolocs690.func <- omrolocs694.oldStyleStaticMeth <- omrolocs696.oldStyleClassMeth <- omrolocs697.oldStyleInstanceMeth <- omrolocs733.genLogs <- omrolocs737.<module>
2024-06-25 12:52:06.465: omrolocs660.test <- omrolocs652.wrapper <- omrolocs662.__privProp <- Dawg(SomeCls(Daddy.__testCaller)) <- Dawg(SomeCls(Daddy.testCaller)) <- Dawg(SomeCls.testCallerOfCaller) <- Dawg(SomeCls.propCallerOfCallerOfCaller) <- omrolocs684.__classMeth <- omrolocs682.classMeth <- omrolocs675.__statMeth <- omrolocs673.statMeth <- OutcastSon(Outcast.__init__) <- omrolocs690.func <- omrolocs694.oldStyleStaticMeth <- omrolocs696.oldStyleClassMeth <- omrolocs697.oldStyleInstanceMeth <- omrolocs733.genLogs <- omrolocs737.<module>
2024-06-25 12:52:06.465: omrolocs660.test <- omrolocs652.wrapper <- omrolocs662.__privProp <- Dawg(SomeCls(Daddy.__testCaller)) <- Dawg(SomeCls(Daddy.testCaller)) <- Dawg(SomeCls.testCallerOfCaller) <- Dawg(SomeCls.propCallerOfCallerOfCaller) <- omrolocs684.__classMeth <- omrolocs682.classMeth <- omrolocs675.__statMeth <- omrolocs673.statMeth <- OutcastSon(Outcast.__init__) <- omrolocs690.func <- omrolocs694.oldStyleStaticMeth <- omrolocs696.oldStyleClassMeth <- omrolocs697.oldStyleInstanceMeth <- omrolocs733.genLogs <- omrolocs737.<module>
2024-06-25 12:52:06.466: omrolocs660.test <- omrolocs652.wrapper <- omrolocs662.__privProp <- Dawg(SomeCls(Daddy.__testCaller)) <- Dawg(SomeCls(Daddy.testCaller)) <- Dawg(SomeCls.testCallerOfCaller) <- Dawg(SomeCls.propCallerOfCallerOfCaller) <- omrolocs684.__classMeth <- omrolocs682.classMeth <- omrolocs675.__statMeth <- omrolocs673.statMeth <- OutcastSon(Outcast.__init__) <- omrolocs690.func <- omrolocs694.oldStyleStaticMeth <- omrolocs696.oldStyleClassMeth <- omrolocs697.oldStyleInstanceMeth <- omrolocs733.genLogs <- omrolocs737.<module>
2024-06-25 12:52:06.553: INFO: None compromising logline 67
2024-06-25 12:52:06.553: INFO: None compromising logline 68
2024-06-25 12:52:06.554: INFO: None compromising logline 65
2024-06-25 12:52:06.554: INFO: None compromising logline 67
2024-06-25 12:52:06.554: INFO: None compromising logline 67
2024-06-25 12:52:06.555: INFO: None compromising logline 68
2024-06-25 12:52:06.555: INFO: None compromising logline 64
2024-06-25 12:52:06.555: INFO: None compromising logline 66
2024-06-25 12:52:06.555: INFO: None compromising logline 67
2024-06-25 12:52:06.556: INFO: None compromising logline 64
2024-06-25 12:52:06.556: INFO: None compromising logline 65
2024-06-25 12:52:06.557: INFO: None compromising logline 68
2024-06-25 12:52:06.557: INFO: None compromising logline 67
2024-06-25 12:52:06.558: INFO: None compromising logline 66
2024-06-25 12:52:06.558: INFO: None compromising logline 67
2024-06-25 12:52:06.559: INFO: None compromising logline 64
2024-06-25 12:52:06.559: INFO: None compromising logline 66
2024-06-25 12:52:06.559: INFO: None compromising logline 63
2024-06-25 12:52:06.560: INFO: None compromising logline 68
2024-06-25 12:52:06.560: INFO: None compromising logline 64
2024-06-25 12:52:06.560: INFO: None compromising logline 65
2024-06-25 12:52:06.561: INFO: None compromising logline 66
2024-06-25 12:52:06.561: INFO: None compromising logline 64
2024-06-25 12:52:06.562: INFO: None compromising logline 66
2024-06-25 12:52:06.562: omrolocs660.test <- omrolocs652.wrapper <- omrolocs662.__privProp <- Dawg(SomeCls(Daddy.__testCaller)) <- Dawg(SomeCls(Daddy.testCaller)) <- Dawg(SomeCls.testCallerOfCaller) <- Dawg(SomeCls.propCallerOfCallerOfCaller) <- omrolocs684.__classMeth <- omrolocs682.classMeth <- omrolocs675.__statMeth <- omrolocs673.statMeth <- OutcastSon(Outcast.__init__) <- omrolocs690.func <- omrolocs694.oldStyleStaticMeth <- omrolocs696.oldStyleClassMeth <- omrolocs697.oldStyleInstanceMeth <- omrolocs733.genLogs <- omrolocs737.<module>
2024-06-25 12:52:06.564: omrolocs660.test <- omrolocs652.wrapper <- omrolocs662.__privProp <- Dawg(SomeCls(Daddy.__testCaller)) <- Dawg(SomeCls(Daddy.testCaller)) <- Dawg(SomeCls.testCallerOfCaller) <- Dawg(SomeCls.propCallerOfCallerOfCaller) <- omrolocs684.__classMeth <- omrolocs682.classMeth <- omrolocs675.__statMeth <- omrolocs673.statMeth <- OutcastSon(Outcast.__init__) <- omrolocs690.func <- omrolocs694.oldStyleStaticMeth <- omrolocs696.oldStyleClassMeth <- omrolocs697.oldStyleInstanceMeth <- omrolocs733.genLogs <- omrolocs737.<module>
2024-06-25 12:52:06.629: INFO: None compromising logline 68
2024-06-25 12:52:06.629: INFO: None compromising logline 63
2024-06-25 12:52:06.629: INFO: None compromising logline 63
2024-06-25 12:52:06.629: INFO: None compromising logline 66
2024-06-25 12:52:06.630: INFO: None compromising logline 65
2024-06-25 12:52:06.630: INFO: None compromising logline 65
2024-06-25 12:52:06.630: INFO: None compromising logline 66
2024-06-25 12:52:06.630: INFO: None compromising logline 68
2024-06-25 12:52:06.630: INFO: None compromising logline 64
2024-06-25 12:52:06.631: INFO: None compromising logline 63
2024-06-25 12:52:06.631: INFO: None compromising logline 67
2024-06-25 12:52:06.631: INFO: None compromising logline 65
2024-06-25 12:52:06.631: INFO: None compromising logline 68
2024-06-25 12:52:06.631: INFO: None compromising logline 63
2024-06-25 12:52:06.631: INFO: None compromising logline 68
2024-06-25 12:52:06.632: INFO: None compromising logline 65
2024-06-25 12:52:06.632: INFO: None compromising logline 65
2024-06-25 12:52:06.632: INFO: None compromising logline 66
2024-06-25 12:52:06.633: INFO: None compromising logline 67
2024-06-25 12:52:06.633: INFO: None compromising logline 67
2024-06-25 12:52:06.633: INFO: None compromising logline 64
2024-06-25 12:52:06.634: INFO: None compromising logline 67
2024-06-25 12:52:06.634: INFO: None compromising logline 65
2024-06-25 12:52:06.634: INFO: None compromising logline 65
2024-06-25 12:52:06.634: INFO: None compromising logline 65
2024-06-25 12:52:06.635: INFO: None compromising logline 63
2024-06-25 12:52:06.635: INFO: None compromising logline 63
2024-06-25 12:52:06.635: INFO: None compromising logline 68
2024-06-25 12:52:06.635: INFO: None compromising logline 67
2024-06-25 12:52:06.635: INFO: None compromising logline 66
2024-06-25 12:52:06.636: INFO: None compromising logline 68
2024-06-25 12:52:06.636: INFO: None compromising logline 66
2024-06-25 12:52:06.636: INFO: None compromising logline 68
2024-06-25 12:52:06.636: INFO: None compromising logline 67
2024-06-25 12:52:06.636: INFO: None compromising logline 65
2024-06-25 12:52:06.637: INFO: None compromising logline 67
2024-06-25 12:52:06.637: INFO: None compromising logline 63
2024-06-25 12:52:06.637: INFO: None compromising logline 64
2024-06-25 12:52:06.637: INFO: None compromising logline 65
2024-06-25 12:52:06.637: INFO: None compromising logline 63
2024-06-25 12:52:06.638: INFO: None compromising logline 68
2024-06-25 12:52:06.638: INFO: None compromising logline 64
2024-06-25 12:52:06.638: INFO: None compromising logline 68
2024-06-25 12:52:06.638: INFO: None compromising logline 67
2024-06-25 12:52:06.638: omrolocs660.test <- omrolocs652.wrapper <- omrolocs662.__privProp <- Dawg(SomeCls(Daddy.__testCaller)) <- Dawg(SomeCls(Daddy.testCaller)) <- Dawg(SomeCls.testCallerOfCaller) <- Dawg(SomeCls.propCallerOfCallerOfCaller) <- omrolocs684.__classMeth <- omrolocs682.classMeth <- omrolocs675.__statMeth <- omrolocs673.statMeth <- OutcastSon(Outcast.__init__) <- omrolocs690.func <- omrolocs694.oldStyleStaticMeth <- omrolocs696.oldStyleClassMeth <- omrolocs697.oldStyleInstanceMeth <- omrolocs733.genLogs <- omrolocs737.<module>
2024-06-25 12:52:06.639: omrolocs660.test <- omrolocs652.wrapper <- omrolocs662.__privProp <- Dawg(SomeCls(Daddy.__testCaller)) <- Dawg(SomeCls(Daddy.testCaller)) <- Dawg(SomeCls.testCallerOfCaller) <- Dawg(SomeCls.propCallerOfCallerOfCaller) <- omrolocs684.__classMeth <- omrolocs682.classMeth <- omrolocs675.__statMeth <- omrolocs673.statMeth <- OutcastSon(Outcast.__init__) <- omrolocs690.func <- omrolocs694.oldStyleStaticMeth <- omrolocs696.oldStyleClassMeth <- omrolocs697.oldStyleInstanceMeth <- omrolocs733.genLogs <- omrolocs737.<module>
2024-06-25 12:52:06.640: omrolocs660.test <- omrolocs652.wrapper <- omrolocs662.__privProp <- Dawg(SomeCls(Daddy.__testCaller)) <- Dawg(SomeCls(Daddy.testCaller)) <- Dawg(SomeCls.testCallerOfCaller) <- Dawg(SomeCls.propCallerOfCallerOfCaller) <- omrolocs684.__classMeth <- omrolocs682.classMeth <- omrolocs675.__statMeth <- omrolocs673.statMeth <- OutcastSon(Outcast.__init__) <- omrolocs690.func <- omrolocs694.oldStyleStaticMeth <- omrolocs696.oldStyleClassMeth <- omrolocs697.oldStyleInstanceMeth <- omrolocs733.genLogs <- omrolocs737.<module>
2024-06-25 12:52:06.660: INFO: None compromising logline 68
2024-06-25 12:52:06.660: INFO: None compromising logline 68
2024-06-25 12:52:06.660: INFO: None compromising logline 63
2024-06-25 12:52:06.661: INFO: None compromising logline 68
2024-06-25 12:52:06.661: INFO: None compromising logline 66
2024-06-25 12:52:06.661: omrolocs660.test <- omrolocs652.wrapper <- omrolocs662.__privProp <- Dawg(SomeCls(Daddy.__testCaller)) <- Dawg(SomeCls(Daddy.testCaller)) <- Dawg(SomeCls.testCallerOfCaller) <- Dawg(SomeCls.propCallerOfCallerOfCaller) <- omrolocs684.__classMeth <- omrolocs682.classMeth <- omrolocs675.__statMeth <- omrolocs673.statMeth <- OutcastSon(Outcast.__init__) <- omrolocs690.func <- omrolocs694.oldStyleStaticMeth <- omrolocs696.oldStyleClassMeth <- omrolocs697.oldStyleInstanceMeth <- omrolocs733.genLogs <- omrolocs737.<module>
2024-06-25 12:52:06.662: omrolocs660.test <- omrolocs652.wrapper <- omrolocs662.__privProp <- Dawg(SomeCls(Daddy.__testCaller)) <- Dawg(SomeCls(Daddy.testCaller)) <- Dawg(SomeCls.testCallerOfCaller) <- Dawg(SomeCls.propCallerOfCallerOfCaller) <- omrolocs684.__classMeth <- omrolocs682.classMeth <- omrolocs675.__statMeth <- omrolocs673.statMeth <- OutcastSon(Outcast.__init__) <- omrolocs690.func <- omrolocs694.oldStyleStaticMeth <- omrolocs696.oldStyleClassMeth <- omrolocs697.oldStyleInstanceMeth <- omrolocs733.genLogs <- omrolocs737.<module>
2024-06-25 12:52:06.663: omrolocs660.test <- omrolocs652.wrapper <- omrolocs662.__privProp <- Dawg(SomeCls(Daddy.__testCaller)) <- Dawg(SomeCls(Daddy.testCaller)) <- Dawg(SomeCls.testCallerOfCaller) <- Dawg(SomeCls.propCallerOfCallerOfCaller) <- omrolocs684.__classMeth <- omrolocs682.classMeth <- omrolocs675.__statMeth <- omrolocs673.statMeth <- OutcastSon(Outcast.__init__) <- omrolocs690.func <- omrolocs694.oldStyleStaticMeth <- omrolocs696.oldStyleClassMeth <- omrolocs697.oldStyleInstanceMeth <- omrolocs733.genLogs <- omrolocs737.<module>
2024-06-25 12:52:06.723: INFO: None compromising logline 68
2024-06-25 12:52:06.723: INFO: None compromising logline 66
2024-06-25 12:52:06.723: INFO: None compromising logline 63
2024-06-25 12:52:06.724: INFO: None compromising logline 63
2024-06-25 12:52:06.724: INFO: None compromising logline 65
2024-06-25 12:52:06.725: INFO: None compromising logline 67
2024-06-25 12:52:06.725: INFO: None compromising logline 64
2024-06-25 12:52:06.725: INFO: None compromising logline 67
2024-06-25 12:52:06.725: INFO: None compromising logline 65
2024-06-25 12:52:06.725: INFO: None compromising logline 65
2024-06-25 12:52:06.725: INFO: None compromising logline 64
2024-06-25 12:52:06.726: INFO: None compromising logline 68
2024-06-25 12:52:06.726: INFO: None compromising logline 64
2024-06-25 12:52:06.727: INFO: None compromising logline 63
2024-06-25 12:52:06.728: INFO: None compromising logline 63
2024-06-25 12:52:06.728: INFO: None compromising logline 66
2024-06-25 12:52:06.728: INFO: None compromising logline 68
2024-06-25 12:52:06.729: INFO: None compromising logline 68
2024-06-25 12:52:06.729: INFO: None compromising logline 66
2024-06-25 12:52:06.729: INFO: None compromising logline 65
2024-06-25 12:52:06.730: INFO: None compromising logline 63
2024-06-25 12:52:06.730: INFO: None compromising logline 63
2024-06-25 12:52:06.731: INFO: None compromising logline 68
2024-06-25 12:52:06.731: INFO: None compromising logline 65
2024-06-25 12:52:06.731: INFO: None compromising logline 67
2024-06-25 12:52:06.732: omrolocs660.test <- omrolocs652.wrapper <- omrolocs662.__privProp <- Dawg(SomeCls(Daddy.__testCaller)) <- Dawg(SomeCls(Daddy.testCaller)) <- Dawg(SomeCls.testCallerOfCaller) <- Dawg(SomeCls.propCallerOfCallerOfCaller) <- omrolocs684.__classMeth <- omrolocs682.classMeth <- omrolocs675.__statMeth <- omrolocs673.statMeth <- OutcastSon(Outcast.__init__) <- omrolocs690.func <- omrolocs694.oldStyleStaticMeth <- omrolocs696.oldStyleClassMeth <- omrolocs697.oldStyleInstanceMeth <- omrolocs733.genLogs <- omrolocs737.<module>
2024-06-25 12:52:06.733: omrolocs660.test <- omrolocs652.wrapper <- omrolocs662.__privProp <- Dawg(SomeCls(Daddy.__testCaller)) <- Dawg(SomeCls(Daddy.testCaller)) <- Dawg(SomeCls.testCallerOfCaller) <- Dawg(SomeCls.propCallerOfCallerOfCaller) <- omrolocs684.__classMeth <- omrolocs682.classMeth <- omrolocs675.__statMeth <- omrolocs673.statMeth <- OutcastSon(Outcast.__init__) <- omrolocs690.func <- omrolocs694.oldStyleStaticMeth <- omrolocs696.oldStyleClassMeth <- omrolocs697.oldStyleInstanceMeth <- omrolocs733.genLogs <- omrolocs737.<module>
2024-06-25 12:52:06.735: omrolocs660.test <- omrolocs652.wrapper <- omrolocs662.__privProp <- Dawg(SomeCls(Daddy.__testCaller)) <- Dawg(SomeCls(Daddy.testCaller)) <- Dawg(SomeCls.testCallerOfCaller) <- Dawg(SomeCls.propCallerOfCallerOfCaller) <- omrolocs684.__classMeth <- omrolocs682.classMeth <- omrolocs675.__statMeth <- omrolocs673.statMeth <- OutcastSon(Outcast.__init__) <- omrolocs690.func <- omrolocs694.oldStyleStaticMeth <- omrolocs696.oldStyleClassMeth <- omrolocs697.oldStyleInstanceMeth <- omrolocs733.genLogs <- omrolocs737.<module>
2024-06-25 12:52:06.736: omrolocs660.test <- omrolocs652.wrapper <- omrolocs662.__privProp <- Dawg(SomeCls(Daddy.__testCaller)) <- Dawg(SomeCls(Daddy.testCaller)) <- Dawg(SomeCls.testCallerOfCaller) <- Dawg(SomeCls.propCallerOfCallerOfCaller) <- omrolocs684.__classMeth <- omrolocs682.classMeth <- omrolocs675.__statMeth <- omrolocs673.statMeth <- OutcastSon(Outcast.__init__) <- omrolocs690.func <- omrolocs694.oldStyleStaticMeth <- omrolocs696.oldStyleClassMeth <- omrolocs697.oldStyleInstanceMeth <- omrolocs733.genLogs <- omrolocs737.<module>
2024-06-25 12:52:06.738: omrolocs660.test <- omrolocs652.wrapper <- omrolocs662.__privProp <- Dawg(SomeCls(Daddy.__testCaller)) <- Dawg(SomeCls(Daddy.testCaller)) <- Dawg(SomeCls.testCallerOfCaller) <- Dawg(SomeCls.propCallerOfCallerOfCaller) <- omrolocs684.__classMeth <- omrolocs682.classMeth <- omrolocs675.__statMeth <- omrolocs673.statMeth <- OutcastSon(Outcast.__init__) <- omrolocs690.func <- omrolocs694.oldStyleStaticMeth <- omrolocs696.oldStyleClassMeth <- omrolocs697.oldStyleInstanceMeth <- omrolocs733.genLogs <- omrolocs737.<module>
2024-06-25 12:52:06.739: omrolocs660.test <- omrolocs652.wrapper <- omrolocs662.__privProp <- Dawg(SomeCls(Daddy.__testCaller)) <- Dawg(SomeCls(Daddy.testCaller)) <- Dawg(SomeCls.testCallerOfCaller) <- Dawg(SomeCls.propCallerOfCallerOfCaller) <- omrolocs684.__classMeth <- omrolocs682.classMeth <- omrolocs675.__statMeth <- omrolocs673.statMeth <- OutcastSon(Outcast.__init__) <- omrolocs690.func <- omrolocs694.oldStyleStaticMeth <- omrolocs696.oldStyleClassMeth <- omrolocs697.oldStyleInstanceMeth <- omrolocs733.genLogs <- omrolocs737.<module>
2024-06-25 12:52:06.741: omrolocs660.test <- omrolocs652.wrapper <- omrolocs662.__privProp <- Dawg(SomeCls(Daddy.__testCaller)) <- Dawg(SomeCls(Daddy.testCaller)) <- Dawg(SomeCls.testCallerOfCaller) <- Dawg(SomeCls.propCallerOfCallerOfCaller) <- omrolocs684.__classMeth <- omrolocs682.classMeth <- omrolocs675.__statMeth <- omrolocs673.statMeth <- OutcastSon(Outcast.__init__) <- omrolocs690.func <- omrolocs694.oldStyleStaticMeth <- omrolocs696.oldStyleClassMeth <- omrolocs697.oldStyleInstanceMeth <- omrolocs733.genLogs <- omrolocs737.<module>
2024-06-25 12:52:06.742: omrolocs660.test <- omrolocs652.wrapper <- omrolocs662.__privProp <- Dawg(SomeCls(Daddy.__testCaller)) <- Dawg(SomeCls(Daddy.testCaller)) <- Dawg(SomeCls.testCallerOfCaller) <- Dawg(SomeCls.propCallerOfCallerOfCaller) <- omrolocs684.__classMeth <- omrolocs682.classMeth <- omrolocs675.__statMeth <- omrolocs673.statMeth <- OutcastSon(Outcast.__init__) <- omrolocs690.func <- omrolocs694.oldStyleStaticMeth <- omrolocs696.oldStyleClassMeth <- omrolocs697.oldStyleInstanceMeth <- omrolocs733.genLogs <- omrolocs737.<module>
2024-06-25 12:52:06.744: omrolocs660.test <- omrolocs652.wrapper <- omrolocs662.__privProp <- Dawg(SomeCls(Daddy.__testCaller)) <- Dawg(SomeCls(Daddy.testCaller)) <- Dawg(SomeCls.testCallerOfCaller) <- Dawg(SomeCls.propCallerOfCallerOfCaller) <- omrolocs684.__classMeth <- omrolocs682.classMeth <- omrolocs675.__statMeth <- omrolocs673.statMeth <- OutcastSon(Outcast.__init__) <- omrolocs690.func <- omrolocs694.oldStyleStaticMeth <- omrolocs696.oldStyleClassMeth <- omrolocs697.oldStyleInstanceMeth <- omrolocs733.genLogs <- omrolocs737.<module>
2024-06-25 12:52:06.745: omrolocs660.test <- omrolocs652.wrapper <- omrolocs662.__privProp <- Dawg(SomeCls(Daddy.__testCaller)) <- Dawg(SomeCls(Daddy.testCaller)) <- Dawg(SomeCls.testCallerOfCaller) <- Dawg(SomeCls.propCallerOfCallerOfCaller) <- omrolocs684.__classMeth <- omrolocs682.classMeth <- omrolocs675.__statMeth <- omrolocs673.statMeth <- OutcastSon(Outcast.__init__) <- omrolocs690.func <- omrolocs694.oldStyleStaticMeth <- omrolocs696.oldStyleClassMeth <- omrolocs697.oldStyleInstanceMeth <- omrolocs733.genLogs <- omrolocs737.<module>
2024-06-25 12:52:06.801: INFO: None compromising logline 63
2024-06-25 12:52:06.801: INFO: None compromising logline 65
2024-06-25 12:52:06.802: INFO: None compromising logline 65
2024-06-25 12:52:06.802: INFO: None compromising logline 65
2024-06-25 12:52:06.802: INFO: None compromising logline 63
2024-06-25 12:52:06.803: INFO: None compromising logline 67
2024-06-25 12:52:06.803: INFO: None compromising logline 67
2024-06-25 12:52:06.803: INFO: None compromising logline 68
2024-06-25 12:52:06.804: INFO: None compromising logline 65
2024-06-25 12:52:06.804: INFO: None compromising logline 65
2024-06-25 12:52:06.805: INFO: None compromising logline 68
2024-06-25 12:52:06.805: INFO: None compromising logline 66
2024-06-25 12:52:06.805: INFO: None compromising logline 66
2024-06-25 12:52:06.806: INFO: None compromising logline 64
2024-06-25 12:52:06.806: INFO: None compromising logline 68
2024-06-25 12:52:06.806: INFO: None compromising logline 68
2024-06-25 12:52:06.807: INFO: None compromising logline 68
2024-06-25 12:52:06.807: INFO: None compromising logline 63
2024-06-25 12:52:06.807: INFO: None compromising logline 65
2024-06-25 12:52:06.808: INFO: None compromising logline 65
2024-06-25 12:52:06.808: INFO: None compromising logline 63
2024-06-25 12:52:06.808: INFO: None compromising logline 64
2024-06-25 12:52:06.808: INFO: None compromising logline 68
2024-06-25 12:52:06.809: INFO: None compromising logline 68
2024-06-25 12:52:06.809: INFO: None compromising logline 68
2024-06-25 12:52:06.809: INFO: None compromising logline 64
2024-06-25 12:52:06.810: INFO: None compromising logline 67
2024-06-25 12:52:06.810: INFO: None compromising logline 68
2024-06-25 12:52:06.810: INFO: None compromising logline 68
2024-06-25 12:52:06.810: INFO: None compromising logline 66
2024-06-25 12:52:06.811: INFO: None compromising logline 65
2024-06-25 12:52:06.811: INFO: None compromising logline 63
2024-06-25 12:52:06.811: INFO: None compromising logline 65
2024-06-25 12:52:06.812: INFO: None compromising logline 65
2024-06-25 12:52:06.812: INFO: None compromising logline 64
2024-06-25 12:52:06.812: INFO: None compromising logline 68
2024-06-25 12:52:06.812: omrolocs660.test <- omrolocs652.wrapper <- omrolocs662.__privProp <- Dawg(SomeCls(Daddy.__testCaller)) <- Dawg(SomeCls(Daddy.testCaller)) <- Dawg(SomeCls.testCallerOfCaller) <- Dawg(SomeCls.propCallerOfCallerOfCaller) <- omrolocs684.__classMeth <- omrolocs682.classMeth <- omrolocs675.__statMeth <- omrolocs673.statMeth <- OutcastSon(Outcast.__init__) <- omrolocs690.func <- omrolocs694.oldStyleStaticMeth <- omrolocs696.oldStyleClassMeth <- omrolocs697.oldStyleInstanceMeth <- omrolocs733.genLogs <- omrolocs737.<module>
2024-06-25 12:52:06.814: omrolocs660.test <- omrolocs652.wrapper <- omrolocs662.__privProp <- Dawg(SomeCls(Daddy.__testCaller)) <- Dawg(SomeCls(Daddy.testCaller)) <- Dawg(SomeCls.testCallerOfCaller) <- Dawg(SomeCls.propCallerOfCallerOfCaller) <- omrolocs684.__classMeth <- omrolocs682.classMeth <- omrolocs675.__statMeth <- omrolocs673.statMeth <- OutcastSon(Outcast.__init__) <- omrolocs690.func <- omrolocs694.oldStyleStaticMeth <- omrolocs696.oldStyleClassMeth <- omrolocs697.oldStyleInstanceMeth <- omrolocs733.genLogs <- omrolocs737.<module>
2024-06-25 12:52:06.815: omrolocs660.test <- omrolocs652.wrapper <- omrolocs662.__privProp <- Dawg(SomeCls(Daddy.__testCaller)) <- Dawg(SomeCls(Daddy.testCaller)) <- Dawg(SomeCls.testCallerOfCaller) <- Dawg(SomeCls.propCallerOfCallerOfCaller) <- omrolocs684.__classMeth <- omrolocs682.classMeth <- omrolocs675.__statMeth <- omrolocs673.statMeth <- OutcastSon(Outcast.__init__) <- omrolocs690.func <- omrolocs694.oldStyleStaticMeth <- omrolocs696.oldStyleClassMeth <- omrolocs697.oldStyleInstanceMeth <- omrolocs733.genLogs <- omrolocs737.<module>
2024-06-25 12:52:06.817: omrolocs660.test <- omrolocs652.wrapper <- omrolocs662.__privProp <- Dawg(SomeCls(Daddy.__testCaller)) <- Dawg(SomeCls(Daddy.testCaller)) <- Dawg(SomeCls.testCallerOfCaller) <- Dawg(SomeCls.propCallerOfCallerOfCaller) <- omrolocs684.__classMeth <- omrolocs682.classMeth <- omrolocs675.__statMeth <- omrolocs673.statMeth <- OutcastSon(Outcast.__init__) <- omrolocs690.func <- omrolocs694.oldStyleStaticMeth <- omrolocs696.oldStyleClassMeth <- omrolocs697.oldStyleInstanceMeth <- omrolocs733.genLogs <- omrolocs737.<module>
2024-06-25 12:52:06.818: omrolocs660.test <- omrolocs652.wrapper <- omrolocs662.__privProp <- Dawg(SomeCls(Daddy.__testCaller)) <- Dawg(SomeCls(Daddy.testCaller)) <- Dawg(SomeCls.testCallerOfCaller) <- Dawg(SomeCls.propCallerOfCallerOfCaller) <- omrolocs684.__classMeth <- omrolocs682.classMeth <- omrolocs675.__statMeth <- omrolocs673.statMeth <- OutcastSon(Outcast.__init__) <- omrolocs690.func <- omrolocs694.oldStyleStaticMeth <- omrolocs696.oldStyleClassMeth <- omrolocs697.oldStyleInstanceMeth <- omrolocs733.genLogs <- omrolocs737.<module>
2024-06-25 12:52:06.820: omrolocs660.test <- omrolocs652.wrapper <- omrolocs662.__privProp <- Dawg(SomeCls(Daddy.__testCaller)) <- Dawg(SomeCls(Daddy.testCaller)) <- Dawg(SomeCls.testCallerOfCaller) <- Dawg(SomeCls.propCallerOfCallerOfCaller) <- omrolocs684.__classMeth <- omrolocs682.classMeth <- omrolocs675.__statMeth <- omrolocs673.statMeth <- OutcastSon(Outcast.__init__) <- omrolocs690.func <- omrolocs694.oldStyleStaticMeth <- omrolocs696.oldStyleClassMeth <- omrolocs697.oldStyleInstanceMeth <- omrolocs733.genLogs <- omrolocs737.<module>
2024-06-25 12:52:06.940: INFO: None compromising logline 63
2024-06-25 12:52:06.941: INFO: None compromising logline 66
2024-06-25 12:52:06.942: INFO: None compromising logline 63
2024-06-25 12:52:06.942: INFO: None compromising logline 64
2024-06-25 12:52:06.943: INFO: None compromising logline 67
2024-06-25 12:52:06.944: INFO: None compromising logline 63
2024-06-25 12:52:06.944: INFO: None compromising logline 65
2024-06-25 12:52:06.945: INFO: None compromising logline 63
2024-06-25 12:52:06.945: INFO: None compromising logline 68
2024-06-25 12:52:06.945: INFO: None compromising logline 67
2024-06-25 12:52:06.946: INFO: None compromising logline 64
2024-06-25 12:52:06.946: INFO: None compromising logline 68
2024-06-25 12:52:06.946: INFO: None compromising logline 64
2024-06-25 12:52:06.946: INFO: None compromising logline 68
2024-06-25 12:52:06.947: INFO: None compromising logline 63
2024-06-25 12:52:06.947: INFO: None compromising logline 63
2024-06-25 12:52:06.947: INFO: None compromising logline 68
2024-06-25 12:52:06.947: INFO: None compromising logline 68
2024-06-25 12:52:06.948: INFO: None compromising logline 65
2024-06-25 12:52:06.948: INFO: None compromising logline 66
2024-06-25 12:52:06.948: INFO: None compromising logline 64
2024-06-25 12:52:06.948: INFO: None compromising logline 65
